export const ICON_MATERIAL_SYMBOLS_FOLLOW_THE_SIGNS_ROUNDED_OS20_W400 = `<svg xmlns="http://www.w3.org/2000/svg" height="20" viewBox="0 -960 960 960" width="20"><path d="M384-696q-35 0-59.5-24.5T300-780q0-35 24.5-59.5T384-864q35 0 59.5 24.5T468-780q0 35-24.5 59.5T384-696ZM154-96l93-476-79 34v106H96v-154l185-78q37-16 71-2.5t57 52.5l22 37q23 38 57 55.5t88 17.5v72q-63 0-111.5-22T384-519l-22 111 70 70v242h-72v-213l-76-75-57 288h-73Zm518 0v-528H528v-240h336v240H720v528h-48Zm36-564 84-84-84-84-34 34 26 26H600v48h100l-26 26 34 34Z"/></svg>`
export const ICON_MATERIAL_SYMBOLS_FOLLOW_THE_SIGNS_ROUNDED_OS24_W400 = `<svg xmlns="http://www.w3.org/2000/svg" height="24" viewBox="0 -960 960 960" width="24"><path d="M380-740q-33 0-56.5-23.5T300-820q0-33 23.5-56.5T380-900q33 0 56.5 23.5T460-820q0 33-23.5 56.5T380-740ZM120-40l110-564-70 30v134H80v-188l210-86q27-11 55-2.5t43 34.5l38 64q27 44 72.5 71T600-520v80q-66 0-122.5-28T382-544l-24 120 82 82v302h-80v-240l-86-80-70 320h-84Zm550 0v-560H520v-280h360v280H730v560h-60Zm51-601 99-99-99-99-43 43 26 26H580v60h124l-26 26 43 43Z"/></svg>`
export const ICON_MATERIAL_SYMBOLS_FOLLOW_THE_SIGNS_ROUNDED_OS20_W400_F = `<svg xmlns="http://www.w3.org/2000/svg" height="20" viewBox="0 -960 960 960" width="20"><path d="M384-696q-35 0-59.5-24.5T300-780q0-35 24.5-59.5T384-864q35 0 59.5 24.5T468-780q0 35-24.5 59.5T384-696ZM154-96l93-476-79 34v106H96v-154l185-78q37-16 71-2.5t57 52.5l22 37q23 38 57 55.5t88 17.5v72q-63 0-111.5-22T384-519l-22 111 70 70v242h-72v-213l-76-75-57 288h-73Zm518 0v-528H528v-240h336v240H720v528h-48Zm36-564 84-84-84-84-34 34 26 26H600v48h100l-26 26 34 34Z"/></svg>`
export const ICON_MATERIAL_SYMBOLS_FOLLOW_THE_SIGNS_ROUNDED_OS20_W100 = `<svg xmlns="http://www.w3.org/2000/svg" height="20" viewBox="0 -960 960 960" width="20"><path d="M384-712q-28 0-48-20t-20-48q0-28 20-48t48-20q28 0 48 20t20 48q0 28-20 48t-48 20ZM188-122l95-494-141 59v99h-20v-112l152-65q37-16 64.5-6.5T387-598l23 36q22 36 55 56t85 26v20q-69-6-113.5-41.5T369-586l-37 190 74 72v202h-20v-196L270-434l-65 312h-17Zm500 10v-528H544v-208h304v208H704v528h-16Zm20-571 61-61-61-61-11 11 42 42H616v16h123l-42 42 11 11Z"/></svg>`
export const ICON_MATERIAL_SYMBOLS_FOLLOW_THE_SIGNS_ROUNDED_OS20_W200 = `<svg xmlns="http://www.w3.org/2000/svg" height="20" viewBox="0 -960 960 960" width="20"><path d="M384-708.308q-29.615 0-50.654-21.038-21.038-21.039-21.038-50.654 0-29.615 21.038-50.654 21.039-21.038 50.654-21.038 29.615 0 50.654 21.038 21.038 21.039 21.038 50.654 0 29.615-21.038 50.654-21.039 21.038-50.654 21.038ZM180.154-116l94.538-489.846L148-552.615V-452h-32v-121.692l159.615-68q37-16 66-5.577t50.462 45.577l22.769 36.23q22.231 36.462 55.462 55.885 33.231 19.423 85.692 24.038v32.001q-67.615-4.616-113.038-37-45.423-32.385-70.5-80l-33.539 171.769L412-327.231V-116h-32v-199.923L273.231-422.461 210.077-116h-29.923Zm504.154 7.692v-528h-144v-215.384h311.384v215.384h-144v528h-23.384ZM708-677.692 774.308-744 708-810.308 691.692-794 730-755.692H612.308v23.384H730L691.692-694 708-677.692Z"/></svg>`
export const ICON_MATERIAL_SYMBOLS_FOLLOW_THE_SIGNS_ROUNDED_OS24_W400_F = `<svg xmlns="http://www.w3.org/2000/svg" height="24" viewBox="0 -960 960 960" width="24"><path d="M380-740q-33 0-56.5-23.5T300-820q0-33 23.5-56.5T380-900q33 0 56.5 23.5T460-820q0 33-23.5 56.5T380-740ZM120-40l110-564-70 30v134H80v-188l210-86q27-11 55-2.5t43 34.5l38 64q27 44 72.5 71T600-520v80q-66 0-122.5-28T382-544l-24 120 82 82v302h-80v-240l-86-80-70 320h-84Zm550 0v-560H520v-280h360v280H730v560h-60Zm51-601 99-99-99-99-43 43 26 26H580v60h124l-26 26 43 43Z"/></svg>`
export const ICON_MATERIAL_SYMBOLS_FOLLOW_THE_SIGNS_ROUNDED_OS24_W100 = `<svg xmlns="http://www.w3.org/2000/svg" height="24" viewBox="0 -960 960 960" width="24"><path d="M380-756q-26 0-45-19t-19-45q0-26 19-45t45-19q26 0 45 19t19 45q0 26-19 45t-45 19ZM154-66l112-582-132 55v127h-28v-146l177-73q27-11 48.5-6.5T366-666l39 63q26 42 70.5 71.5T574-496v28q-72-6-124.5-47.5T367-611l-39 199 86 84v262h-28v-223L260-410 182-66h-28Zm532 10v-560H536v-248h328v248H714v560h-28Zm35-608 76-76-76-76-20 20 42 42H596v28h147l-42 42 20 20Z"/></svg>`
export const ICON_MATERIAL_SYMBOLS_FOLLOW_THE_SIGNS_ROUNDED_OS24_W100_F = `<svg xmlns="http://www.w3.org/2000/svg" height="24" viewBox="0 -960 960 960" width="24"><path d="M380-756q-26 0-45-19t-19-45q0-26 19-45t45-19q26 0 45 19t19 45q0 26-19 45t-45 19ZM154-66l112-582-132 55v127h-28v-146l177-73q27-11 48.5-6.5T366-666l39 63q26 42 70.5 71.5T574-496v28q-72-6-124.5-47.5T367-611l-39 199 86 84v262h-28v-223L260-410 182-66h-28Zm532 10v-560H536v-248h328v248H714v560h-28Zm35-608 76-76-76-76-20 20 42 42H596v28h147l-42 42 20 20Z"/></svg>`
export const ICON_MATERIAL_SYMBOLS_FOLLOW_THE_SIGNS_ROUNDED_OS24_W200 = `<svg xmlns="http://www.w3.org/2000/svg" height="24" viewBox="0 -960 960 960" width="24"><path d="M380-752.308q-27.615 0-47.654-20.038-20.038-20.039-20.038-47.654 0-27.615 20.038-47.654 20.039-20.038 47.654-20.038 27.615 0 47.654 20.038 20.038 20.039 20.038 47.654 0 27.615-20.038 47.654-20.039 20.038-47.654 20.038ZM146.154-60l111.538-577.846L140-588.615V-460h-40v-155.692l184.615-76q27-11 50-5.577t36.462 27.577l38.769 63.23q26.231 42.462 70.962 71.385 44.731 28.923 99.192 33.538v40.001q-70.615-4.616-124.038-43-53.423-38.385-85.5-91l-35.539 180.769L420-331.231V-60h-40v-226.923L263.231-398.461 187.077-60h-40.923Zm536.154 7.692v-560h-150v-255.384h335.384v255.384h-150v560h-35.384ZM721-658.692 802.308-740 721-821.308 695.692-796 734-757.692H592.308v35.384H734L695.692-684 721-658.692Z"/></svg>`
export const ICON_MATERIAL_SYMBOLS_FOLLOW_THE_SIGNS_ROUNDED_OS20_W200_F = `<svg xmlns="http://www.w3.org/2000/svg" height="20" viewBox="0 -960 960 960" width="20"><path d="M384-708.308q-29.615 0-50.654-21.038-21.038-21.039-21.038-50.654 0-29.615 21.038-50.654 21.039-21.038 50.654-21.038 29.615 0 50.654 21.038 21.038 21.039 21.038 50.654 0 29.615-21.038 50.654-21.039 21.038-50.654 21.038ZM180.154-116l94.538-489.846L148-552.615V-452h-32v-121.692l159.615-68q37-16 66-5.577t50.462 45.577l22.769 36.23q22.231 36.462 55.462 55.885 33.231 19.423 85.692 24.038v32.001q-67.615-4.616-113.038-37-45.423-32.385-70.5-80l-33.539 171.769L412-327.231V-116h-32v-199.923L273.231-422.461 210.077-116h-29.923Zm504.154 7.692v-528h-144v-215.384h311.384v215.384h-144v528h-23.384ZM708-677.692 774.308-744 708-810.308 691.692-794 730-755.692H612.308v23.384H730L691.692-694 708-677.692Z"/></svg>`
export const ICON_MATERIAL_SYMBOLS_FOLLOW_THE_SIGNS_ROUNDED_OS24_W200_F = `<svg xmlns="http://www.w3.org/2000/svg" height="24" viewBox="0 -960 960 960" width="24"><path d="M380-752.308q-27.615 0-47.654-20.038-20.038-20.039-20.038-47.654 0-27.615 20.038-47.654 20.039-20.038 47.654-20.038 27.615 0 47.654 20.038 20.038 20.039 20.038 47.654 0 27.615-20.038 47.654-20.039 20.038-47.654 20.038ZM146.154-60l111.538-577.846L140-588.615V-460h-40v-155.692l184.615-76q27-11 50-5.577t36.462 27.577l38.769 63.23q26.231 42.462 70.962 71.385 44.731 28.923 99.192 33.538v40.001q-70.615-4.616-124.038-43-53.423-38.385-85.5-91l-35.539 180.769L420-331.231V-60h-40v-226.923L263.231-398.461 187.077-60h-40.923Zm536.154 7.692v-560h-150v-255.384h335.384v255.384h-150v560h-35.384ZM721-658.692 802.308-740 721-821.308 695.692-796 734-757.692H592.308v35.384H734L695.692-684 721-658.692Z"/></svg>`
export const ICON_MATERIAL_SYMBOLS_FOLLOW_THE_SIGNS_ROUNDED_OS20_W100_F = `<svg xmlns="http://www.w3.org/2000/svg" height="20" viewBox="0 -960 960 960" width="20"><path d="M384-712q-28 0-48-20t-20-48q0-28 20-48t48-20q28 0 48 20t20 48q0 28-20 48t-48 20ZM188-122l95-494-141 59v99h-20v-112l152-65q37-16 64.5-6.5T387-598l23 36q22 36 55 56t85 26v20q-69-6-113.5-41.5T369-586l-37 190 74 72v202h-20v-196L270-434l-65 312h-17Zm500 10v-528H544v-208h304v208H704v528h-16Zm20-571 61-61-61-61-11 11 42 42H616v16h123l-42 42 11 11Z"/></svg>`
export const ICON_MATERIAL_SYMBOLS_FOLLOW_THE_SIGNS_ROUNDED_OS20_W300 = `<svg xmlns="http://www.w3.org/2000/svg" height="20" viewBox="0 -960 960 960" width="20"><path d="M384-702.154q-32.307 0-55.077-22.769-22.769-22.77-22.769-55.077t22.769-55.077q22.77-22.769 55.077-22.769t55.077 22.769q22.769 22.77 22.769 55.077t-22.769 55.077q-22.77 22.769-55.077 22.769ZM167.078-106.001l93.769-482.923-102.848 43.616v103.307h-51.998v-137.845l172.306-72.999q37-16 68.5-4.039 31.5 11.962 53.731 49.038l22.384 36.616q22.616 37.23 56.231 55.692 33.616 18.462 86.846 20.769v51.999q-65.308-2.308-112.269-29.501-46.961-27.192-75.5-72.5l-27.769 141.387 71.538 70.769v226.614h-51.998v-206.461l-91.386-90.77-60.077 297.231h-51.46Zm511.076 3.847v-528h-144v-227.692h323.692v227.692h-144v528h-35.692ZM708-668.847 783.153-744 708-819.153 682.847-794l32.154 32.154H606.154v35.692h108.847L682.847-694 708-668.847Z"/></svg>`
export const ICON_MATERIAL_SYMBOLS_FOLLOW_THE_SIGNS_ROUNDED_OS24_W300 = `<svg xmlns="http://www.w3.org/2000/svg" height="24" viewBox="0 -960 960 960" width="24"><path d="M380-746.154q-30.307 0-52.077-21.769-21.769-21.77-21.769-52.077t21.769-52.077q21.77-21.769 52.077-21.769t52.077 21.769q21.769 21.77 21.769 52.077t-21.769 52.077q-21.77 21.769-52.077 21.769ZM133.078-50.001l110.769-570.923-93.848 39.616v131.307H90.001v-171.845l197.306-80.999q27-11 52.5-4.039 25.5 6.962 39.731 31.038l38.384 63.616q26.616 43.23 71.731 71.192 45.116 27.962 100.346 30.269v59.999q-68.308-2.308-123.269-35.501-54.961-33.192-90.5-83.5l-29.769 150.387 83.538 82.769v286.614h-59.998v-233.461l-101.386-95.77-73.077 329.231h-62.46Zm543.076 3.847v-560h-150v-267.692h347.692v267.692h-150v560h-47.692ZM721-649.847 811.153-740 721-830.153 686.847-796l32.154 32.154H586.154v47.692h132.847L686.847-684 721-649.847Z"/></svg>`
export const ICON_MATERIAL_SYMBOLS_FOLLOW_THE_SIGNS_ROUNDED_OS24_W300_F = `<svg xmlns="http://www.w3.org/2000/svg" height="24" viewBox="0 -960 960 960" width="24"><path d="M380-746.154q-30.307 0-52.077-21.769-21.769-21.77-21.769-52.077t21.769-52.077q21.77-21.769 52.077-21.769t52.077 21.769q21.769 21.77 21.769 52.077t-21.769 52.077q-21.77 21.769-52.077 21.769ZM133.078-50.001l110.769-570.923-93.848 39.616v131.307H90.001v-171.845l197.306-80.999q27-11 52.5-4.039 25.5 6.962 39.731 31.038l38.384 63.616q26.616 43.23 71.731 71.192 45.116 27.962 100.346 30.269v59.999q-68.308-2.308-123.269-35.501-54.961-33.192-90.5-83.5l-29.769 150.387 83.538 82.769v286.614h-59.998v-233.461l-101.386-95.77-73.077 329.231h-62.46Zm543.076 3.847v-560h-150v-267.692h347.692v267.692h-150v560h-47.692ZM721-649.847 811.153-740 721-830.153 686.847-796l32.154 32.154H586.154v47.692h132.847L686.847-684 721-649.847Z"/></svg>`
export const ICON_MATERIAL_SYMBOLS_FOLLOW_THE_SIGNS_ROUNDED_OS20_W500 = `<svg xmlns="http://www.w3.org/2000/svg" height="20" viewBox="0 -960 960 960" width="20"><path d="M381.37-699.587q-36.435 0-62.011-25.696-25.577-25.695-25.577-62.13t25.577-62.011Q344.935-875 381.37-875q36.434 0 62.13 25.576 25.696 25.576 25.696 62.011t-25.696 62.13q-25.696 25.696-62.13 25.696ZM144.195-92.413l93-474.565-73.499 31.608v106.957H84.282V-588.63l188.348-78.718q38.913-16.717 74.229-2.619 35.315 14.097 59.511 54.532l22.717 37q23.239 37.761 57.359 54.305 34.119 16.543 87.641 16.543v79.174q-63 0-111.978-20.565-48.979-20.565-81.696-61.891l-20.326 102.391 70 69.282v246.783h-79.174v-215.152l-70.261-69.5L224.13-92.413h-79.935Zm525.892 0v-529.674H522.5V-880.5h354.413v258.413H729.087v529.674h-59Zm39.826-568.783 90.218-90.217-90.218-90.218L673.283-805l27.913 27.913H600v51.587h101.196l-27.913 27.913 36.63 36.391Z"/></svg>`
export const ICON_MATERIAL_SYMBOLS_FOLLOW_THE_SIGNS_ROUNDED_OS20_W500_F = `<svg xmlns="http://www.w3.org/2000/svg" height="20" viewBox="0 -960 960 960" width="20"><path d="M381.37-699.587q-36.435 0-62.011-25.696-25.577-25.695-25.577-62.13t25.577-62.011Q344.935-875 381.37-875q36.434 0 62.13 25.576 25.696 25.576 25.696 62.011t-25.696 62.13q-25.696 25.696-62.13 25.696ZM144.195-92.413l93-474.565-73.499 31.608v106.957H84.282V-588.63l188.348-78.718q38.913-16.717 74.229-2.619 35.315 14.097 59.511 54.532l22.717 37q23.239 37.761 57.359 54.305 34.119 16.543 87.641 16.543v79.174q-63 0-111.978-20.565-48.979-20.565-81.696-61.891l-20.326 102.391 70 69.282v246.783h-79.174v-215.152l-70.261-69.5L224.13-92.413h-79.935Zm525.892 0v-529.674H522.5V-880.5h354.413v258.413H729.087v529.674h-59Zm39.826-568.783 90.218-90.217-90.218-90.218L673.283-805l27.913 27.913H600v51.587h101.196l-27.913 27.913 36.63 36.391Z"/></svg>`
export const ICON_MATERIAL_SYMBOLS_FOLLOW_THE_SIGNS_ROUNDED_OS24_W500 = `<svg xmlns="http://www.w3.org/2000/svg" height="24" viewBox="0 -960 960 960" width="24"><path d="M377.37-743.587q-34.435 0-59.011-24.696-24.577-24.695-24.577-59.13t24.577-59.011Q342.935-911 377.37-911q34.434 0 59.13 24.576 24.696 24.576 24.696 59.011t-24.696 59.13q-24.696 24.696-59.13 24.696ZM110.195-36.413l110-562.565-64.499 27.608v134.957H68.282V-630.63l213.348-86.718q28.913-11.717 58.229-2.619 29.315 9.097 45.511 36.532l38.717 64q27.239 43.761 72.859 69.805 45.619 26.043 101.141 26.043v87.174q-66 0-122.978-26.565-56.979-26.565-96.696-72.891l-22.326 111.391 82 81.282v306.783h-87.174v-242.152l-80.261-74.5L201.13-36.413h-90.935Zm557.892 0v-561.674H514.5V-896.5h378.413v298.413H739.087v561.674h-71Zm54.826-605.783 105.218-105.217-105.218-105.218L677.283-807l27.913 27.913H580v63.587h125.196l-27.913 27.913 45.63 45.391Z"/></svg>`
export const ICON_MATERIAL_SYMBOLS_FOLLOW_THE_SIGNS_ROUNDED_OS24_W500_F = `<svg xmlns="http://www.w3.org/2000/svg" height="24" viewBox="0 -960 960 960" width="24"><path d="M377.37-743.587q-34.435 0-59.011-24.696-24.577-24.695-24.577-59.13t24.577-59.011Q342.935-911 377.37-911q34.434 0 59.13 24.576 24.696 24.576 24.696 59.011t-24.696 59.13q-24.696 24.696-59.13 24.696ZM110.195-36.413l110-562.565-64.499 27.608v134.957H68.282V-630.63l213.348-86.718q28.913-11.717 58.229-2.619 29.315 9.097 45.511 36.532l38.717 64q27.239 43.761 72.859 69.805 45.619 26.043 101.141 26.043v87.174q-66 0-122.978-26.565-56.979-26.565-96.696-72.891l-22.326 111.391 82 81.282v306.783h-87.174v-242.152l-80.261-74.5L201.13-36.413h-90.935Zm557.892 0v-561.674H514.5V-896.5h378.413v298.413H739.087v561.674h-71Zm54.826-605.783 105.218-105.217-105.218-105.218L677.283-807l27.913 27.913H580v63.587h125.196l-27.913 27.913 45.63 45.391Z"/></svg>`
export const ICON_MATERIAL_SYMBOLS_FOLLOW_THE_SIGNS_ROUNDED_OS24_W600 = `<svg xmlns="http://www.w3.org/2000/svg" height="24" viewBox="0 -960 960 960" width="24"><path d="M373.782-748.479q-36.391 0-62.435-26.326-26.043-26.326-26.043-62.718 0-36.391 26.043-62.435 26.044-26.043 62.435-26.043 36.392 0 62.718 26.043 26.326 26.044 26.326 62.435 0 36.392-26.326 62.718t-62.718 26.326ZM96.825-31.521l110-560.609-56.999 24.348v136.261H52.303v-202.697l217.913-87.695q31.522-12.696 62.631-2.783t48.935 39.305l39.696 64q27.565 43.434 73.348 68.173 45.783 24.739 100.652 24.739v96.958q-66 0-123.63-24.609-57.631-24.608-98.327-68.652l-20.043 99.652 82 80.304v313.305h-96.957V-276.61l-72.434-66.999-68.87 312.087H96.825Zm568.653 0v-563.957H506.999v-323.524h403.524v323.524H751.479v563.957h-86.001Zm60.044-612.305 113.696-113.697-113.696-113.696-49.218 49.218 30.522 30.522H580v68.478h126.826l-30.522 30.522 49.218 48.653Z"/></svg>`
export const ICON_MATERIAL_SYMBOLS_FOLLOW_THE_SIGNS_ROUNDED_OS20_W600 = `<svg xmlns="http://www.w3.org/2000/svg" height="20" viewBox="0 -960 960 960" width="20"><path d="M377.782-704.479q-38.391 0-65.435-27.326-27.043-27.326-27.043-65.718 0-38.391 27.043-65.435 27.044-27.043 65.435-27.043 38.392 0 65.718 27.043 27.326 27.044 27.326 65.435 0 38.392-27.326 65.718t-65.718 27.326ZM130.825-87.521l93-472.609-65.999 28.348v108.261H68.303v-168.697l192.913-79.695q41.522-17.696 78.631-2.783 37.109 14.913 62.935 57.305l23.696 37q23.565 37.434 57.848 52.673 34.283 15.239 87.152 15.239v88.958q-63 0-112.63-18.609-49.631-18.608-83.327-57.652l-18.043 90.652 70 68.304v253.305h-88.957V-305.61l-62.434-61.999-55.87 280.087h-89.392Zm536.653 0v-531.957H514.999v-283.524h379.524v283.524H741.479v531.957h-74.001Zm45.044-575.305 98.696-98.697-98.696-98.696-40.218 40.218 30.522 30.522H600v56.478h102.826l-30.522 30.522 40.218 39.653Z"/></svg>`
export const ICON_MATERIAL_SYMBOLS_FOLLOW_THE_SIGNS_ROUNDED_OS20_W600_F = `<svg xmlns="http://www.w3.org/2000/svg" height="20" viewBox="0 -960 960 960" width="20"><path d="M377.782-704.479q-38.391 0-65.435-27.326-27.043-27.326-27.043-65.718 0-38.391 27.043-65.435 27.044-27.043 65.435-27.043 38.392 0 65.718 27.043 27.326 27.044 27.326 65.435 0 38.392-27.326 65.718t-65.718 27.326ZM130.825-87.521l93-472.609-65.999 28.348v108.261H68.303v-168.697l192.913-79.695q41.522-17.696 78.631-2.783 37.109 14.913 62.935 57.305l23.696 37q23.565 37.434 57.848 52.673 34.283 15.239 87.152 15.239v88.958q-63 0-112.63-18.609-49.631-18.608-83.327-57.652l-18.043 90.652 70 68.304v253.305h-88.957V-305.61l-62.434-61.999-55.87 280.087h-89.392Zm536.653 0v-531.957H514.999v-283.524h379.524v283.524H741.479v531.957h-74.001Zm45.044-575.305 98.696-98.697-98.696-98.696-40.218 40.218 30.522 30.522H600v56.478h102.826l-30.522 30.522 40.218 39.653Z"/></svg>`
export const ICON_MATERIAL_SYMBOLS_FOLLOW_THE_SIGNS_ROUNDED_OS24_W600_F = `<svg xmlns="http://www.w3.org/2000/svg" height="24" viewBox="0 -960 960 960" width="24"><path d="M373.782-748.479q-36.391 0-62.435-26.326-26.043-26.326-26.043-62.718 0-36.391 26.043-62.435 26.044-26.043 62.435-26.043 36.392 0 62.718 26.043 26.326 26.044 26.326 62.435 0 36.392-26.326 62.718t-62.718 26.326ZM96.825-31.521l110-560.609-56.999 24.348v136.261H52.303v-202.697l217.913-87.695q31.522-12.696 62.631-2.783t48.935 39.305l39.696 64q27.565 43.434 73.348 68.173 45.783 24.739 100.652 24.739v96.958q-66 0-123.63-24.609-57.631-24.608-98.327-68.652l-20.043 99.652 82 80.304v313.305h-96.957V-276.61l-72.434-66.999-68.87 312.087H96.825Zm568.653 0v-563.957H506.999v-323.524h403.524v323.524H751.479v563.957h-86.001Zm60.044-612.305 113.696-113.697-113.696-113.696-49.218 49.218 30.522 30.522H580v68.478h126.826l-30.522 30.522 49.218 48.653Z"/></svg>`
export const ICON_MATERIAL_SYMBOLS_FOLLOW_THE_SIGNS_ROUNDED_OS20_W300_F = `<svg xmlns="http://www.w3.org/2000/svg" height="20" viewBox="0 -960 960 960" width="20"><path d="M384-702.154q-32.307 0-55.077-22.769-22.769-22.77-22.769-55.077t22.769-55.077q22.77-22.769 55.077-22.769t55.077 22.769q22.769 22.77 22.769 55.077t-22.769 55.077q-22.77 22.769-55.077 22.769ZM167.078-106.001l93.769-482.923-102.848 43.616v103.307h-51.998v-137.845l172.306-72.999q37-16 68.5-4.039 31.5 11.962 53.731 49.038l22.384 36.616q22.616 37.23 56.231 55.692 33.616 18.462 86.846 20.769v51.999q-65.308-2.308-112.269-29.501-46.961-27.192-75.5-72.5l-27.769 141.387 71.538 70.769v226.614h-51.998v-206.461l-91.386-90.77-60.077 297.231h-51.46Zm511.076 3.847v-528h-144v-227.692h323.692v227.692h-144v528h-35.692ZM708-668.847 783.153-744 708-819.153 682.847-794l32.154 32.154H606.154v35.692h108.847L682.847-694 708-668.847Z"/></svg>`
export const ICON_MATERIAL_SYMBOLS_FOLLOW_THE_SIGNS_ROUNDED_OS20_W700 = `<svg xmlns="http://www.w3.org/2000/svg" height="20" viewBox="0 -960 960 960" width="20"><path d="M373-711q-41 0-70-29.5T274-811q0-41 29-70t70-29q41 0 70.5 29t29.5 70q0 41-29.5 70.5T373-711ZM113-81l93-470-56 24v110H47v-180l199-81q45-19 84.5-3t67.5 61l25 37q24 37 58.5 50.5T568-519v102q-63 0-113.5-16T369-485l-15 75 70 67v262H322v-222l-52-52-55 274H113Zm551 0v-535H505v-317h413v317H758v535h-94Zm52-584 110-110-110-110-45 45 34 34H600v63h105l-34 34 45 44Z"/></svg>`
export const ICON_MATERIAL_SYMBOLS_FOLLOW_THE_SIGNS_ROUNDED_OS20_W700_F = `<svg xmlns="http://www.w3.org/2000/svg" height="20" viewBox="0 -960 960 960" width="20"><path d="M373-711q-41 0-70-29.5T274-811q0-41 29-70t70-29q41 0 70.5 29t29.5 70q0 41-29.5 70.5T373-711ZM113-81l93-470-56 24v110H47v-180l199-81q45-19 84.5-3t67.5 61l25 37q24 37 58.5 50.5T568-519v102q-63 0-113.5-16T369-485l-15 75 70 67v262H322v-222l-52-52-55 274H113Zm551 0v-535H505v-317h413v317H758v535h-94Zm52-584 110-110-110-110-45 45 34 34H600v63h105l-34 34 45 44Z"/></svg>`
export const ICON_MATERIAL_SYMBOLS_FOLLOW_THE_SIGNS_ROUNDED_OS24_W700 = `<svg xmlns="http://www.w3.org/2000/svg" height="24" viewBox="0 -960 960 960" width="24"><path d="M369-755q-39 0-67-28.5T274-851q0-39 28-67t67-28q39 0 67.5 28t28.5 67q0 39-28.5 67.5T369-755ZM79-25l110-558-47 20v138H31v-214l224-89q35-14 68.5-3t53.5 43l41 64q28 43 74 66t100 23v110q-66 0-124.5-22T367-510l-17 84 82 79v322H322v-249l-62-57-68 306H79Zm583 0v-567H497v-357h437v357H768v567H662Zm67-621 125-125-125-125-54 54 34 34H580v75h129l-34 34 54 53Z"/></svg>`
export const ICON_MATERIAL_SYMBOLS_FOLLOW_THE_SIGNS_ROUNDED_OS24_W700_F = `<svg xmlns="http://www.w3.org/2000/svg" height="24" viewBox="0 -960 960 960" width="24"><path d="M369-755q-39 0-67-28.5T274-851q0-39 28-67t67-28q39 0 67.5 28t28.5 67q0 39-28.5 67.5T369-755ZM79-25l110-558-47 20v138H31v-214l224-89q35-14 68.5-3t53.5 43l41 64q28 43 74 66t100 23v110q-66 0-124.5-22T367-510l-17 84 82 79v322H322v-249l-62-57-68 306H79Zm583 0v-567H497v-357h437v357H768v567H662Zm67-621 125-125-125-125-54 54 34 34H580v75h129l-34 34 54 53Z"/></svg>`
export const ICON_MATERIAL_SYMBOLS_FOLLOW_THE_SIGNS_SHARP_OS24_W400 = `<svg xmlns="http://www.w3.org/2000/svg" height="24" viewBox="0 -960 960 960" width="24"><path d="M380-740q-33 0-56.5-23.5T300-820q0-33 23.5-56.5T380-900q33 0 56.5 23.5T460-820q0 33-23.5 56.5T380-740ZM120-40l110-564-70 30v134H80v-188l210-86q27-11 55-2.5t43 34.5l38 64q27 44 72.5 71T600-520v80q-66 0-122.5-28T382-544l-24 120 82 82v302h-80v-240l-86-80-70 320h-84Zm550 0v-560H520v-280h360v280H730v560h-60Zm51-601 99-99-99-99-43 43 26 26H580v60h124l-26 26 43 43Z"/></svg>`
export const ICON_MATERIAL_SYMBOLS_FOLLOW_THE_SIGNS_SHARP_OS20_W100 = `<svg xmlns="http://www.w3.org/2000/svg" height="20" viewBox="0 -960 960 960" width="20"><path d="M384-712q-28 0-48-20t-20-48q0-28 20-48t48-20q28 0 48 20t20 48q0 28-20 48t-48 20ZM188-122l95-494-141 59v99h-20v-112l152-65q37-16 64.5-6.5T387-598l23 36q22 36 55 56t85 26v20q-69-6-113.5-41.5T369-586l-37 190 74 72v202h-20v-196L270-434l-65 312h-17Zm500 10v-528H544v-208h304v208H704v528h-16Zm20-571 61-61-61-61-11 11 42 42H616v16h123l-42 42 11 11Z"/></svg>`
export const ICON_MATERIAL_SYMBOLS_FOLLOW_THE_SIGNS_SHARP_OS24_W100 = `<svg xmlns="http://www.w3.org/2000/svg" height="24" viewBox="0 -960 960 960" width="24"><path d="M380-756q-26 0-45-19t-19-45q0-26 19-45t45-19q26 0 45 19t19 45q0 26-19 45t-45 19ZM154-66l112-582-132 55v127h-28v-146l177-73q27-11 48.5-6.5T366-666l39 63q26 42 70.5 71.5T574-496v28q-72-6-124.5-47.5T367-611l-39 199 86 84v262h-28v-223L260-410 182-66h-28Zm532 10v-560H536v-248h328v248H714v560h-28Zm35-608 76-76-76-76-20 20 42 42H596v28h147l-42 42 20 20Z"/></svg>`
export const ICON_MATERIAL_SYMBOLS_FOLLOW_THE_SIGNS_SHARP_OS20_W100_F = `<svg xmlns="http://www.w3.org/2000/svg" height="20" viewBox="0 -960 960 960" width="20"><path d="M384-712q-28 0-48-20t-20-48q0-28 20-48t48-20q28 0 48 20t20 48q0 28-20 48t-48 20ZM188-122l95-494-141 59v99h-20v-112l152-65q37-16 64.5-6.5T387-598l23 36q22 36 55 56t85 26v20q-69-6-113.5-41.5T369-586l-37 190 74 72v202h-20v-196L270-434l-65 312h-17Zm500 10v-528H544v-208h304v208H704v528h-16Zm20-571 61-61-61-61-11 11 42 42H616v16h123l-42 42 11 11Z"/></svg>`
export const ICON_MATERIAL_SYMBOLS_FOLLOW_THE_SIGNS_SHARP_OS20_W400 = `<svg xmlns="http://www.w3.org/2000/svg" height="20" viewBox="0 -960 960 960" width="20"><path d="M384-696q-35 0-59.5-24.5T300-780q0-35 24.5-59.5T384-864q35 0 59.5 24.5T468-780q0 35-24.5 59.5T384-696ZM154-96l93-476-79 34v106H96v-154l185-78q37-16 71-2.5t57 52.5l22 37q23 38 57 55.5t88 17.5v72q-63 0-111.5-22T384-519l-22 111 70 70v242h-72v-213l-76-75-57 288h-73Zm518 0v-528H528v-240h336v240H720v528h-48Zm36-564 84-84-84-84-34 34 26 26H600v48h100l-26 26 34 34Z"/></svg>`
export const ICON_MATERIAL_SYMBOLS_FOLLOW_THE_SIGNS_SHARP_OS24_W400_F = `<svg xmlns="http://www.w3.org/2000/svg" height="24" viewBox="0 -960 960 960" width="24"><path d="M380-740q-33 0-56.5-23.5T300-820q0-33 23.5-56.5T380-900q33 0 56.5 23.5T460-820q0 33-23.5 56.5T380-740ZM120-40l110-564-70 30v134H80v-188l210-86q27-11 55-2.5t43 34.5l38 64q27 44 72.5 71T600-520v80q-66 0-122.5-28T382-544l-24 120 82 82v302h-80v-240l-86-80-70 320h-84Zm550 0v-560H520v-280h360v280H730v560h-60Zm51-601 99-99-99-99-43 43 26 26H580v60h124l-26 26 43 43Z"/></svg>`
export const ICON_MATERIAL_SYMBOLS_FOLLOW_THE_SIGNS_SHARP_OS20_W400_F = `<svg xmlns="http://www.w3.org/2000/svg" height="20" viewBox="0 -960 960 960" width="20"><path d="M384-696q-35 0-59.5-24.5T300-780q0-35 24.5-59.5T384-864q35 0 59.5 24.5T468-780q0 35-24.5 59.5T384-696ZM154-96l93-476-79 34v106H96v-154l185-78q37-16 71-2.5t57 52.5l22 37q23 38 57 55.5t88 17.5v72q-63 0-111.5-22T384-519l-22 111 70 70v242h-72v-213l-76-75-57 288h-73Zm518 0v-528H528v-240h336v240H720v528h-48Zm36-564 84-84-84-84-34 34 26 26H600v48h100l-26 26 34 34Z"/></svg>`
export const ICON_MATERIAL_SYMBOLS_FOLLOW_THE_SIGNS_SHARP_OS24_W100_F = `<svg xmlns="http://www.w3.org/2000/svg" height="24" viewBox="0 -960 960 960" width="24"><path d="M380-756q-26 0-45-19t-19-45q0-26 19-45t45-19q26 0 45 19t19 45q0 26-19 45t-45 19ZM154-66l112-582-132 55v127h-28v-146l177-73q27-11 48.5-6.5T366-666l39 63q26 42 70.5 71.5T574-496v28q-72-6-124.5-47.5T367-611l-39 199 86 84v262h-28v-223L260-410 182-66h-28Zm532 10v-560H536v-248h328v248H714v560h-28Zm35-608 76-76-76-76-20 20 42 42H596v28h147l-42 42 20 20Z"/></svg>`
export const ICON_MATERIAL_SYMBOLS_FOLLOW_THE_SIGNS_SHARP_OS20_W200 = `<svg xmlns="http://www.w3.org/2000/svg" height="20" viewBox="0 -960 960 960" width="20"><path d="M384-708.308q-29.615 0-50.654-21.038-21.038-21.039-21.038-50.654 0-29.615 21.038-50.654 21.039-21.038 50.654-21.038 29.615 0 50.654 21.038 21.038 21.039 21.038 50.654 0 29.615-21.038 50.654-21.039 21.038-50.654 21.038ZM180.154-116l94.538-489.846L148-552.615V-452h-32v-121.692l159.615-68q37-16 66-5.577t50.462 45.577l22.769 36.23q22.231 36.462 55.462 55.885 33.231 19.423 85.692 24.038v32.001q-67.615-4.616-113.038-37-45.423-32.385-70.5-80l-33.539 171.769L412-327.231V-116h-32v-199.923L273.231-422.461 210.077-116h-29.923Zm504.154 7.692v-528h-144v-215.384h311.384v215.384h-144v528h-23.384ZM708-677.692 774.308-744 708-810.308 691.692-794 730-755.692H612.308v23.384H730L691.692-694 708-677.692Z"/></svg>`
export const ICON_MATERIAL_SYMBOLS_FOLLOW_THE_SIGNS_SHARP_OS24_W200 = `<svg xmlns="http://www.w3.org/2000/svg" height="24" viewBox="0 -960 960 960" width="24"><path d="M380-752.308q-27.615 0-47.654-20.038-20.038-20.039-20.038-47.654 0-27.615 20.038-47.654 20.039-20.038 47.654-20.038 27.615 0 47.654 20.038 20.038 20.039 20.038 47.654 0 27.615-20.038 47.654-20.039 20.038-47.654 20.038ZM146.154-60l111.538-577.846L140-588.615V-460h-40v-155.692l184.615-76q27-11 50-5.577t36.462 27.577l38.769 63.23q26.231 42.462 70.962 71.385 44.731 28.923 99.192 33.538v40.001q-70.615-4.616-124.038-43-53.423-38.385-85.5-91l-35.539 180.769L420-331.231V-60h-40v-226.923L263.231-398.461 187.077-60h-40.923Zm536.154 7.692v-560h-150v-255.384h335.384v255.384h-150v560h-35.384ZM721-658.692 802.308-740 721-821.308 695.692-796 734-757.692H592.308v35.384H734L695.692-684 721-658.692Z"/></svg>`
export const ICON_MATERIAL_SYMBOLS_FOLLOW_THE_SIGNS_SHARP_OS20_W200_F = `<svg xmlns="http://www.w3.org/2000/svg" height="20" viewBox="0 -960 960 960" width="20"><path d="M384-708.308q-29.615 0-50.654-21.038-21.038-21.039-21.038-50.654 0-29.615 21.038-50.654 21.039-21.038 50.654-21.038 29.615 0 50.654 21.038 21.038 21.039 21.038 50.654 0 29.615-21.038 50.654-21.039 21.038-50.654 21.038ZM180.154-116l94.538-489.846L148-552.615V-452h-32v-121.692l159.615-68q37-16 66-5.577t50.462 45.577l22.769 36.23q22.231 36.462 55.462 55.885 33.231 19.423 85.692 24.038v32.001q-67.615-4.616-113.038-37-45.423-32.385-70.5-80l-33.539 171.769L412-327.231V-116h-32v-199.923L273.231-422.461 210.077-116h-29.923Zm504.154 7.692v-528h-144v-215.384h311.384v215.384h-144v528h-23.384ZM708-677.692 774.308-744 708-810.308 691.692-794 730-755.692H612.308v23.384H730L691.692-694 708-677.692Z"/></svg>`
export const ICON_MATERIAL_SYMBOLS_FOLLOW_THE_SIGNS_SHARP_OS24_W200_F = `<svg xmlns="http://www.w3.org/2000/svg" height="24" viewBox="0 -960 960 960" width="24"><path d="M380-752.308q-27.615 0-47.654-20.038-20.038-20.039-20.038-47.654 0-27.615 20.038-47.654 20.039-20.038 47.654-20.038 27.615 0 47.654 20.038 20.038 20.039 20.038 47.654 0 27.615-20.038 47.654-20.039 20.038-47.654 20.038ZM146.154-60l111.538-577.846L140-588.615V-460h-40v-155.692l184.615-76q27-11 50-5.577t36.462 27.577l38.769 63.23q26.231 42.462 70.962 71.385 44.731 28.923 99.192 33.538v40.001q-70.615-4.616-124.038-43-53.423-38.385-85.5-91l-35.539 180.769L420-331.231V-60h-40v-226.923L263.231-398.461 187.077-60h-40.923Zm536.154 7.692v-560h-150v-255.384h335.384v255.384h-150v560h-35.384ZM721-658.692 802.308-740 721-821.308 695.692-796 734-757.692H592.308v35.384H734L695.692-684 721-658.692Z"/></svg>`
export const ICON_MATERIAL_SYMBOLS_FOLLOW_THE_SIGNS_SHARP_OS20_W300 = `<svg xmlns="http://www.w3.org/2000/svg" height="20" viewBox="0 -960 960 960" width="20"><path d="M384-702.154q-32.307 0-55.077-22.769-22.769-22.77-22.769-55.077t22.769-55.077q22.77-22.769 55.077-22.769t55.077 22.769q22.769 22.77 22.769 55.077t-22.769 55.077q-22.77 22.769-55.077 22.769ZM167.078-106.001l93.769-482.923-102.848 43.616v103.307h-51.998v-137.845l172.306-72.999q37-16 68.5-4.039 31.5 11.962 53.731 49.038l22.384 36.616q22.616 37.23 56.231 55.692 33.616 18.462 86.846 20.769v51.999q-65.308-2.308-112.269-29.501-46.961-27.192-75.5-72.5l-27.769 141.387 71.538 70.769v226.614h-51.998v-206.461l-91.386-90.77-60.077 297.231h-51.46Zm511.076 3.847v-528h-144v-227.692h323.692v227.692h-144v528h-35.692ZM708-668.847 783.153-744 708-819.153 682.847-794l32.154 32.154H606.154v35.692h108.847L682.847-694 708-668.847Z"/></svg>`
export const ICON_MATERIAL_SYMBOLS_FOLLOW_THE_SIGNS_SHARP_OS24_W300 = `<svg xmlns="http://www.w3.org/2000/svg" height="24" viewBox="0 -960 960 960" width="24"><path d="M380-746.154q-30.307 0-52.077-21.769-21.769-21.77-21.769-52.077t21.769-52.077q21.77-21.769 52.077-21.769t52.077 21.769q21.769 21.77 21.769 52.077t-21.769 52.077q-21.77 21.769-52.077 21.769ZM133.078-50.001l110.769-570.923-93.848 39.616v131.307H90.001v-171.845l197.306-80.999q27-11 52.5-4.039 25.5 6.962 39.731 31.038l38.384 63.616q26.616 43.23 71.731 71.192 45.116 27.962 100.346 30.269v59.999q-68.308-2.308-123.269-35.501-54.961-33.192-90.5-83.5l-29.769 150.387 83.538 82.769v286.614h-59.998v-233.461l-101.386-95.77-73.077 329.231h-62.46Zm543.076 3.847v-560h-150v-267.692h347.692v267.692h-150v560h-47.692ZM721-649.847 811.153-740 721-830.153 686.847-796l32.154 32.154H586.154v47.692h132.847L686.847-684 721-649.847Z"/></svg>`
export const ICON_MATERIAL_SYMBOLS_FOLLOW_THE_SIGNS_SHARP_OS20_W300_F = `<svg xmlns="http://www.w3.org/2000/svg" height="20" viewBox="0 -960 960 960" width="20"><path d="M384-702.154q-32.307 0-55.077-22.769-22.769-22.77-22.769-55.077t22.769-55.077q22.77-22.769 55.077-22.769t55.077 22.769q22.769 22.77 22.769 55.077t-22.769 55.077q-22.77 22.769-55.077 22.769ZM167.078-106.001l93.769-482.923-102.848 43.616v103.307h-51.998v-137.845l172.306-72.999q37-16 68.5-4.039 31.5 11.962 53.731 49.038l22.384 36.616q22.616 37.23 56.231 55.692 33.616 18.462 86.846 20.769v51.999q-65.308-2.308-112.269-29.501-46.961-27.192-75.5-72.5l-27.769 141.387 71.538 70.769v226.614h-51.998v-206.461l-91.386-90.77-60.077 297.231h-51.46Zm511.076 3.847v-528h-144v-227.692h323.692v227.692h-144v528h-35.692ZM708-668.847 783.153-744 708-819.153 682.847-794l32.154 32.154H606.154v35.692h108.847L682.847-694 708-668.847Z"/></svg>`
export const ICON_MATERIAL_SYMBOLS_FOLLOW_THE_SIGNS_SHARP_OS24_W300_F = `<svg xmlns="http://www.w3.org/2000/svg" height="24" viewBox="0 -960 960 960" width="24"><path d="M380-746.154q-30.307 0-52.077-21.769-21.769-21.77-21.769-52.077t21.769-52.077q21.77-21.769 52.077-21.769t52.077 21.769q21.769 21.77 21.769 52.077t-21.769 52.077q-21.77 21.769-52.077 21.769ZM133.078-50.001l110.769-570.923-93.848 39.616v131.307H90.001v-171.845l197.306-80.999q27-11 52.5-4.039 25.5 6.962 39.731 31.038l38.384 63.616q26.616 43.23 71.731 71.192 45.116 27.962 100.346 30.269v59.999q-68.308-2.308-123.269-35.501-54.961-33.192-90.5-83.5l-29.769 150.387 83.538 82.769v286.614h-59.998v-233.461l-101.386-95.77-73.077 329.231h-62.46Zm543.076 3.847v-560h-150v-267.692h347.692v267.692h-150v560h-47.692ZM721-649.847 811.153-740 721-830.153 686.847-796l32.154 32.154H586.154v47.692h132.847L686.847-684 721-649.847Z"/></svg>`
export const ICON_MATERIAL_SYMBOLS_FOLLOW_THE_SIGNS_SHARP_OS20_W500 = `<svg xmlns="http://www.w3.org/2000/svg" height="20" viewBox="0 -960 960 960" width="20"><path d="M381.37-699.587q-36.435 0-62.011-25.696-25.577-25.695-25.577-62.13t25.577-62.011Q344.935-875 381.37-875q36.434 0 62.13 25.576 25.696 25.576 25.696 62.011t-25.696 62.13q-25.696 25.696-62.13 25.696ZM144.195-92.413l93-474.565-73.499 31.608v106.957H84.282V-588.63l188.348-78.718q38.913-16.717 74.229-2.619 35.315 14.097 59.511 54.532l22.717 37q23.239 37.761 57.359 54.305 34.119 16.543 87.641 16.543v79.174q-63 0-111.978-20.565-48.979-20.565-81.696-61.891l-20.326 102.391 70 69.282v246.783h-79.174v-215.152l-70.261-69.5L224.13-92.413h-79.935Zm525.892 0v-529.674H522.5V-880.5h354.413v258.413H729.087v529.674h-59Zm39.826-568.783 90.218-90.217-90.218-90.218L673.283-805l27.913 27.913H600v51.587h101.196l-27.913 27.913 36.63 36.391Z"/></svg>`
export const ICON_MATERIAL_SYMBOLS_FOLLOW_THE_SIGNS_SHARP_OS24_W500 = `<svg xmlns="http://www.w3.org/2000/svg" height="24" viewBox="0 -960 960 960" width="24"><path d="M377.37-743.587q-34.435 0-59.011-24.696-24.577-24.695-24.577-59.13t24.577-59.011Q342.935-911 377.37-911q34.434 0 59.13 24.576 24.696 24.576 24.696 59.011t-24.696 59.13q-24.696 24.696-59.13 24.696ZM110.195-36.413l110-562.565-64.499 27.608v134.957H68.282V-630.63l213.348-86.718q28.913-11.717 58.229-2.619 29.315 9.097 45.511 36.532l38.717 64q27.239 43.761 72.859 69.805 45.619 26.043 101.141 26.043v87.174q-66 0-122.978-26.565-56.979-26.565-96.696-72.891l-22.326 111.391 82 81.282v306.783h-87.174v-242.152l-80.261-74.5L201.13-36.413h-90.935Zm557.892 0v-561.674H514.5V-896.5h378.413v298.413H739.087v561.674h-71Zm54.826-605.783 105.218-105.217-105.218-105.218L677.283-807l27.913 27.913H580v63.587h125.196l-27.913 27.913 45.63 45.391Z"/></svg>`
export const ICON_MATERIAL_SYMBOLS_FOLLOW_THE_SIGNS_SHARP_OS20_W500_F = `<svg xmlns="http://www.w3.org/2000/svg" height="20" viewBox="0 -960 960 960" width="20"><path d="M381.37-699.587q-36.435 0-62.011-25.696-25.577-25.695-25.577-62.13t25.577-62.011Q344.935-875 381.37-875q36.434 0 62.13 25.576 25.696 25.576 25.696 62.011t-25.696 62.13q-25.696 25.696-62.13 25.696ZM144.195-92.413l93-474.565-73.499 31.608v106.957H84.282V-588.63l188.348-78.718q38.913-16.717 74.229-2.619 35.315 14.097 59.511 54.532l22.717 37q23.239 37.761 57.359 54.305 34.119 16.543 87.641 16.543v79.174q-63 0-111.978-20.565-48.979-20.565-81.696-61.891l-20.326 102.391 70 69.282v246.783h-79.174v-215.152l-70.261-69.5L224.13-92.413h-79.935Zm525.892 0v-529.674H522.5V-880.5h354.413v258.413H729.087v529.674h-59Zm39.826-568.783 90.218-90.217-90.218-90.218L673.283-805l27.913 27.913H600v51.587h101.196l-27.913 27.913 36.63 36.391Z"/></svg>`
export const ICON_MATERIAL_SYMBOLS_FOLLOW_THE_SIGNS_SHARP_OS24_W500_F = `<svg xmlns="http://www.w3.org/2000/svg" height="24" viewBox="0 -960 960 960" width="24"><path d="M377.37-743.587q-34.435 0-59.011-24.696-24.577-24.695-24.577-59.13t24.577-59.011Q342.935-911 377.37-911q34.434 0 59.13 24.576 24.696 24.576 24.696 59.011t-24.696 59.13q-24.696 24.696-59.13 24.696ZM110.195-36.413l110-562.565-64.499 27.608v134.957H68.282V-630.63l213.348-86.718q28.913-11.717 58.229-2.619 29.315 9.097 45.511 36.532l38.717 64q27.239 43.761 72.859 69.805 45.619 26.043 101.141 26.043v87.174q-66 0-122.978-26.565-56.979-26.565-96.696-72.891l-22.326 111.391 82 81.282v306.783h-87.174v-242.152l-80.261-74.5L201.13-36.413h-90.935Zm557.892 0v-561.674H514.5V-896.5h378.413v298.413H739.087v561.674h-71Zm54.826-605.783 105.218-105.217-105.218-105.218L677.283-807l27.913 27.913H580v63.587h125.196l-27.913 27.913 45.63 45.391Z"/></svg>`
export const ICON_MATERIAL_SYMBOLS_FOLLOW_THE_SIGNS_SHARP_OS20_W600 = `<svg xmlns="http://www.w3.org/2000/svg" height="20" viewBox="0 -960 960 960" width="20"><path d="M377.782-704.479q-38.391 0-65.435-27.326-27.043-27.326-27.043-65.718 0-38.391 27.043-65.435 27.044-27.043 65.435-27.043 38.392 0 65.718 27.043 27.326 27.044 27.326 65.435 0 38.392-27.326 65.718t-65.718 27.326ZM130.825-87.521l93-472.609-65.999 28.348v108.261H68.303v-168.697l192.913-79.695q41.522-17.696 78.631-2.783 37.109 14.913 62.935 57.305l23.696 37q23.565 37.434 57.848 52.673 34.283 15.239 87.152 15.239v88.958q-63 0-112.63-18.609-49.631-18.608-83.327-57.652l-18.043 90.652 70 68.304v253.305h-88.957V-305.61l-62.434-61.999-55.87 280.087h-89.392Zm536.653 0v-531.957H514.999v-283.524h379.524v283.524H741.479v531.957h-74.001Zm45.044-575.305 98.696-98.697-98.696-98.696-40.218 40.218 30.522 30.522H600v56.478h102.826l-30.522 30.522 40.218 39.653Z"/></svg>`
export const ICON_MATERIAL_SYMBOLS_FOLLOW_THE_SIGNS_SHARP_OS20_W600_F = `<svg xmlns="http://www.w3.org/2000/svg" height="20" viewBox="0 -960 960 960" width="20"><path d="M377.782-704.479q-38.391 0-65.435-27.326-27.043-27.326-27.043-65.718 0-38.391 27.043-65.435 27.044-27.043 65.435-27.043 38.392 0 65.718 27.043 27.326 27.044 27.326 65.435 0 38.392-27.326 65.718t-65.718 27.326ZM130.825-87.521l93-472.609-65.999 28.348v108.261H68.303v-168.697l192.913-79.695q41.522-17.696 78.631-2.783 37.109 14.913 62.935 57.305l23.696 37q23.565 37.434 57.848 52.673 34.283 15.239 87.152 15.239v88.958q-63 0-112.63-18.609-49.631-18.608-83.327-57.652l-18.043 90.652 70 68.304v253.305h-88.957V-305.61l-62.434-61.999-55.87 280.087h-89.392Zm536.653 0v-531.957H514.999v-283.524h379.524v283.524H741.479v531.957h-74.001Zm45.044-575.305 98.696-98.697-98.696-98.696-40.218 40.218 30.522 30.522H600v56.478h102.826l-30.522 30.522 40.218 39.653Z"/></svg>`
export const ICON_MATERIAL_SYMBOLS_FOLLOW_THE_SIGNS_SHARP_OS24_W600 = `<svg xmlns="http://www.w3.org/2000/svg" height="24" viewBox="0 -960 960 960" width="24"><path d="M373.782-748.479q-36.391 0-62.435-26.326-26.043-26.326-26.043-62.718 0-36.391 26.043-62.435 26.044-26.043 62.435-26.043 36.392 0 62.718 26.043 26.326 26.044 26.326 62.435 0 36.392-26.326 62.718t-62.718 26.326ZM96.825-31.521l110-560.609-56.999 24.348v136.261H52.303v-202.697l217.913-87.695q31.522-12.696 62.631-2.783t48.935 39.305l39.696 64q27.565 43.434 73.348 68.173 45.783 24.739 100.652 24.739v96.958q-66 0-123.63-24.609-57.631-24.608-98.327-68.652l-20.043 99.652 82 80.304v313.305h-96.957V-276.61l-72.434-66.999-68.87 312.087H96.825Zm568.653 0v-563.957H506.999v-323.524h403.524v323.524H751.479v563.957h-86.001Zm60.044-612.305 113.696-113.697-113.696-113.696-49.218 49.218 30.522 30.522H580v68.478h126.826l-30.522 30.522 49.218 48.653Z"/></svg>`
export const ICON_MATERIAL_SYMBOLS_FOLLOW_THE_SIGNS_SHARP_OS24_W600_F = `<svg xmlns="http://www.w3.org/2000/svg" height="24" viewBox="0 -960 960 960" width="24"><path d="M373.782-748.479q-36.391 0-62.435-26.326-26.043-26.326-26.043-62.718 0-36.391 26.043-62.435 26.044-26.043 62.435-26.043 36.392 0 62.718 26.043 26.326 26.044 26.326 62.435 0 36.392-26.326 62.718t-62.718 26.326ZM96.825-31.521l110-560.609-56.999 24.348v136.261H52.303v-202.697l217.913-87.695q31.522-12.696 62.631-2.783t48.935 39.305l39.696 64q27.565 43.434 73.348 68.173 45.783 24.739 100.652 24.739v96.958q-66 0-123.63-24.609-57.631-24.608-98.327-68.652l-20.043 99.652 82 80.304v313.305h-96.957V-276.61l-72.434-66.999-68.87 312.087H96.825Zm568.653 0v-563.957H506.999v-323.524h403.524v323.524H751.479v563.957h-86.001Zm60.044-612.305 113.696-113.697-113.696-113.696-49.218 49.218 30.522 30.522H580v68.478h126.826l-30.522 30.522 49.218 48.653Z"/></svg>`
